50.0122 8.5262 213
50.0018 8.5261 442
49.9911 8.5259 564
49.9792 8.5259 678
49.9670 8.5321 808
49.9608 8.5411 844
49.9173 8.6621 1913
49.9080 8.6877 2187
49.8896 8.7402 2705
49.8830 8.7762 2911
49.8889 8.8709 3345
49.8939 8.9453 3536
49.8988 9.0227 3955
49.9035 9.0976 4374
49.9089 9.1840 4778
49.9140 9.2652 5159
49.9188 9.3437 5425
49.9240 9.4284 5768
49.9293 9.5178 6050
49.9345 9.6046 6309
49.9396 9.6930 6591
49.9450 9.7850 6820
49.9502 9.8787 7056
49.9557 9.9760 7277
49.9606 10.0665 7490
49.9659 10.1647 7734
49.9713 10.2651 7955
49.9765 10.3646 8161
49.9817 10.4640 8359
49.9867 10.5625 8527
49.9918 10.6637 8694
49.9968 10.7659 8870
50.0013 10.8601 9075
50.0063 10.9668 9281
50.0115 11.0787 9525
50.0162 11.1813 9784
50.0205 11.2758 9997
50.0249 11.3766 10234
50.0291 11.4756 10462
50.0334 11.5765 10691
50.0372 11.6691 10881
50.0411 11.7638 11057
50.0448 11.8568 11247
50.0487 11.9571 11278
50.0523 12.0522 11270
50.0560 12.1508 11278
50.0596 12.2514 11278
50.0631 12.3515 11278
50.0665 12.4417 11270
50.0721 12.5006 11278
50.0823 12.5571 11278
50.1166 12.6907 11278
50.1379 12.7804 11278
50.1611 12.8773 11285
50.1817 12.9642 11278
50.2041 13.0587 11262
50.2257 13.1509 11270
50.2479 13.2460 11270
50.2699 13.3407 11293
50.2902 13.4289 11285
50.3118 13.5211 11270
50.3334 13.6142 11262
50.3540 13.7049 11262
50.3755 13.7996 11262
50.3961 13.8904 11270
50.4168 13.9821 11285
50.4391 14.0810 11270
50.4587 14.1686 11278
50.4809 14.2670 11278
50.5010 14.3579 11270
50.5219 14.4526 11270
50.5425 14.5457 11270
50.5638 14.6427 11270
50.5842 14.7366 11278
50.6042 14.8286 11285
50.6250 14.9251 11285
50.6447 15.0166 11285
50.6659 15.1159 11278
50.6861 15.2099 11278
50.7050 15.2996 11270
50.7248 15.3939 11262
50.7450 15.4894 11270
50.7648 15.5841 11262
50.7840 15.6765 11270
50.8047 15.7754 11270
50.8250 15.8741 11278
50.8438 15.9655 11278
50.8646 16.0673 11278
50.8831 16.1589 11285
50.9164 16.3006 11278
50.9389 16.3938 11270
50.9606 16.4852 11262
50.9828 16.5783 11270
51.0055 16.6746 11270
51.0269 16.7656 11270
51.0491 16.8605 11270
51.0719 16.9578 11270
51.0940 17.0530 11278
51.1176 17.1548 11278
51.1381 17.2444 11278
51.1599 17.3392 11278
51.1821 17.4373 11278
51.2042 17.5338 11285
51.2254 17.6270 11270
51.2482 17.7286 11278
51.2697 17.8239 11278
51.2912 17.9201 11270
51.3123 18.0158 11270
51.3345 18.1155 11270
51.3567 18.2166 11270
51.3771 18.3098 11270
51.3985 18.4078 11278
51.4208 18.5111 11133
51.4417 18.6081 10813
51.4637 18.7102 10439
51.4833 18.8023 10066
51.5051 18.9044 9700
51.5261 19.0033 9327
51.5468 19.1020 8961
51.5669 19.1989 8588
51.5875 19.2972 8222
51.6091 19.4010 7841
51.6302 19.5003 7460
51.6519 19.6004 7079
51.6730 19.6991 6721
51.6887 19.7622 6477
51.7258 19.8817 6005
51.7531 19.9709 5631
51.7804 20.0599 5265
51.8053 20.1442 4915
51.8308 20.2325 4526
51.8558 20.3191 4138
51.8680 20.3736 3879
51.8799 20.4601 3444
51.8914 20.5452 3139
51.8972 20.5881 3040
51.9046 20.6361 2941
51.9180 20.6946 2812
51.9324 20.7556 2530
51.9454 20.8108 2210
51.9590 20.8684 1798
51.9722 20.9251 1455
51.9852 20.9798 1257
51.9970 21.0308 1090
52.0046 21.0630 983
52.0164 21.0786 922
52.0361 21.0762 914
52.0539 21.0640 831
52.0734 21.0477 686
52.0931 21.0306 556
52.1021 21.0227 495
52.1354 20.9936 259
52.1444 20.9858 191
52.1521 20.9790 137